{
 "cells": [
  {
   "cell_type": "code",
   "execution_count": 3,
   "id": "1f319159",
   "metadata": {},
   "outputs": [],
   "source": [
    "import pandas as pd\n",
    "from scipy import sparse\n",
    "from sklearn.metrics.pairwise import cosine_similarity"
   ]
  },
  {
   "cell_type": "code",
   "execution_count": 5,
   "id": "8f7507a9",
   "metadata": {},
   "outputs": [
    {
     "data": {
      "text/html": [
       "<div>\n",
       "<style scoped>\n",
       "    .dataframe tbody tr th:only-of-type {\n",
       "        vertical-align: middle;\n",
       "    }\n",
       "\n",
       "    .dataframe tbody tr th {\n",
       "        vertical-align: top;\n",
       "    }\n",
       "\n",
       "    .dataframe thead th {\n",
       "        text-align: right;\n",
       "    }\n",
       "</style>\n",
       "<table border=\"1\" class=\"dataframe\">\n",
       "  <thead>\n",
       "    <tr style=\"text-align: right;\">\n",
       "      <th></th>\n",
       "      <th>abdul bari</th>\n",
       "      <th>bharat khana</th>\n",
       "      <th>jenny's</th>\n",
       "      <th>vivekanand</th>\n",
       "      <th>striver</th>\n",
       "      <th>errichto</th>\n",
       "      <th>gallen colin</th>\n",
       "      <th>priyansh agrawal</th>\n",
       "      <th>tushar roy</th>\n",
       "      <th>sandeep jain</th>\n",
       "    </tr>\n",
       "    <tr>\n",
       "      <th>student</th>\n",
       "      <th></th>\n",
       "      <th></th>\n",
       "      <th></th>\n",
       "      <th></th>\n",
       "      <th></th>\n",
       "      <th></th>\n",
       "      <th></th>\n",
       "      <th></th>\n",
       "      <th></th>\n",
       "      <th></th>\n",
       "    </tr>\n",
       "  </thead>\n",
       "  <tbody>\n",
       "    <tr>\n",
       "      <th>bhaskar</th>\n",
       "      <td>9.0</td>\n",
       "      <td>8</td>\n",
       "      <td>6</td>\n",
       "      <td>0.0</td>\n",
       "      <td>10.0</td>\n",
       "      <td>3.0</td>\n",
       "      <td>6.0</td>\n",
       "      <td>5.0</td>\n",
       "      <td>1.0</td>\n",
       "      <td>8.0</td>\n",
       "    </tr>\n",
       "    <tr>\n",
       "      <th>ramesh</th>\n",
       "      <td>8.0</td>\n",
       "      <td>6</td>\n",
       "      <td>3</td>\n",
       "      <td>0.0</td>\n",
       "      <td>0.0</td>\n",
       "      <td>4.0</td>\n",
       "      <td>7.0</td>\n",
       "      <td>7.0</td>\n",
       "      <td>1.0</td>\n",
       "      <td>7.0</td>\n",
       "    </tr>\n",
       "    <tr>\n",
       "      <th>farhan</th>\n",
       "      <td>9.0</td>\n",
       "      <td>8</td>\n",
       "      <td>7</td>\n",
       "      <td>4.0</td>\n",
       "      <td>0.0</td>\n",
       "      <td>3.0</td>\n",
       "      <td>8.0</td>\n",
       "      <td>8.0</td>\n",
       "      <td>1.0</td>\n",
       "      <td>9.0</td>\n",
       "    </tr>\n",
       "    <tr>\n",
       "      <th>manhar</th>\n",
       "      <td>7.0</td>\n",
       "      <td>9</td>\n",
       "      <td>7</td>\n",
       "      <td>0.0</td>\n",
       "      <td>0.0</td>\n",
       "      <td>4.0</td>\n",
       "      <td>6.0</td>\n",
       "      <td>5.0</td>\n",
       "      <td>1.0</td>\n",
       "      <td>8.0</td>\n",
       "    </tr>\n",
       "    <tr>\n",
       "      <th>nishnat</th>\n",
       "      <td>8.0</td>\n",
       "      <td>8</td>\n",
       "      <td>4</td>\n",
       "      <td>7.0</td>\n",
       "      <td>0.0</td>\n",
       "      <td>3.0</td>\n",
       "      <td>7.0</td>\n",
       "      <td>9.0</td>\n",
       "      <td>1.0</td>\n",
       "      <td>7.0</td>\n",
       "    </tr>\n",
       "    <tr>\n",
       "      <th>belal</th>\n",
       "      <td>6.0</td>\n",
       "      <td>8</td>\n",
       "      <td>5</td>\n",
       "      <td>0.0</td>\n",
       "      <td>7.0</td>\n",
       "      <td>4.0</td>\n",
       "      <td>0.0</td>\n",
       "      <td>6.0</td>\n",
       "      <td>1.0</td>\n",
       "      <td>8.0</td>\n",
       "    </tr>\n",
       "    <tr>\n",
       "      <th>kamal</th>\n",
       "      <td>7.0</td>\n",
       "      <td>8</td>\n",
       "      <td>5</td>\n",
       "      <td>8.0</td>\n",
       "      <td>8.0</td>\n",
       "      <td>0.0</td>\n",
       "      <td>0.0</td>\n",
       "      <td>9.0</td>\n",
       "      <td>1.0</td>\n",
       "      <td>9.0</td>\n",
       "    </tr>\n",
       "    <tr>\n",
       "      <th>pratik</th>\n",
       "      <td>5.0</td>\n",
       "      <td>8</td>\n",
       "      <td>6</td>\n",
       "      <td>0.0</td>\n",
       "      <td>0.0</td>\n",
       "      <td>0.0</td>\n",
       "      <td>0.0</td>\n",
       "      <td>7.0</td>\n",
       "      <td>6.0</td>\n",
       "      <td>7.0</td>\n",
       "    </tr>\n",
       "    <tr>\n",
       "      <th>shahbaz</th>\n",
       "      <td>7.0</td>\n",
       "      <td>9</td>\n",
       "      <td>8</td>\n",
       "      <td>6.0</td>\n",
       "      <td>4.0</td>\n",
       "      <td>0.0</td>\n",
       "      <td>9.0</td>\n",
       "      <td>5.0</td>\n",
       "      <td>0.0</td>\n",
       "      <td>7.0</td>\n",
       "    </tr>\n",
       "    <tr>\n",
       "      <th>prince</th>\n",
       "      <td>8.0</td>\n",
       "      <td>10</td>\n",
       "      <td>9</td>\n",
       "      <td>5.0</td>\n",
       "      <td>9.0</td>\n",
       "      <td>0.0</td>\n",
       "      <td>0.0</td>\n",
       "      <td>9.0</td>\n",
       "      <td>0.0</td>\n",
       "      <td>7.0</td>\n",
       "    </tr>\n",
       "    <tr>\n",
       "      <th>shruti</th>\n",
       "      <td>6.0</td>\n",
       "      <td>8</td>\n",
       "      <td>4</td>\n",
       "      <td>8.0</td>\n",
       "      <td>7.0</td>\n",
       "      <td>5.0</td>\n",
       "      <td>3.0</td>\n",
       "      <td>4.0</td>\n",
       "      <td>0.0</td>\n",
       "      <td>7.0</td>\n",
       "    </tr>\n",
       "    <tr>\n",
       "      <th>prachi</th>\n",
       "      <td>8.0</td>\n",
       "      <td>7</td>\n",
       "      <td>4</td>\n",
       "      <td>0.0</td>\n",
       "      <td>9.0</td>\n",
       "      <td>0.0</td>\n",
       "      <td>0.0</td>\n",
       "      <td>8.0</td>\n",
       "      <td>0.0</td>\n",
       "      <td>7.0</td>\n",
       "    </tr>\n",
       "    <tr>\n",
       "      <th>pratyush</th>\n",
       "      <td>7.0</td>\n",
       "      <td>8</td>\n",
       "      <td>5</td>\n",
       "      <td>5.0</td>\n",
       "      <td>7.0</td>\n",
       "      <td>0.0</td>\n",
       "      <td>0.0</td>\n",
       "      <td>0.0</td>\n",
       "      <td>4.0</td>\n",
       "      <td>0.0</td>\n",
       "    </tr>\n",
       "    <tr>\n",
       "      <th>vishal</th>\n",
       "      <td>9.0</td>\n",
       "      <td>8</td>\n",
       "      <td>6</td>\n",
       "      <td>8.0</td>\n",
       "      <td>5.0</td>\n",
       "      <td>0.0</td>\n",
       "      <td>5.0</td>\n",
       "      <td>0.0</td>\n",
       "      <td>0.0</td>\n",
       "      <td>0.0</td>\n",
       "    </tr>\n",
       "    <tr>\n",
       "      <th>rahul</th>\n",
       "      <td>5.0</td>\n",
       "      <td>8</td>\n",
       "      <td>7</td>\n",
       "      <td>0.0</td>\n",
       "      <td>8.0</td>\n",
       "      <td>7.0</td>\n",
       "      <td>0.0</td>\n",
       "      <td>4.0</td>\n",
       "      <td>0.0</td>\n",
       "      <td>8.0</td>\n",
       "    </tr>\n",
       "    <tr>\n",
       "      <th>Shubham</th>\n",
       "      <td>8.0</td>\n",
       "      <td>8</td>\n",
       "      <td>7</td>\n",
       "      <td>4.0</td>\n",
       "      <td>9.0</td>\n",
       "      <td>0.0</td>\n",
       "      <td>0.0</td>\n",
       "      <td>9.0</td>\n",
       "      <td>0.0</td>\n",
       "      <td>8.0</td>\n",
       "    </tr>\n",
       "    <tr>\n",
       "      <th>rishav</th>\n",
       "      <td>6.0</td>\n",
       "      <td>8</td>\n",
       "      <td>4</td>\n",
       "      <td>8.0</td>\n",
       "      <td>6.0</td>\n",
       "      <td>0.0</td>\n",
       "      <td>7.0</td>\n",
       "      <td>0.0</td>\n",
       "      <td>0.0</td>\n",
       "      <td>8.0</td>\n",
       "    </tr>\n",
       "    <tr>\n",
       "      <th>sumit</th>\n",
       "      <td>9.0</td>\n",
       "      <td>9</td>\n",
       "      <td>8</td>\n",
       "      <td>4.0</td>\n",
       "      <td>8.0</td>\n",
       "      <td>8.0</td>\n",
       "      <td>0.0</td>\n",
       "      <td>4.0</td>\n",
       "      <td>0.0</td>\n",
       "      <td>6.0</td>\n",
       "    </tr>\n",
       "    <tr>\n",
       "      <th>bhupendra</th>\n",
       "      <td>8.0</td>\n",
       "      <td>5</td>\n",
       "      <td>8</td>\n",
       "      <td>9.0</td>\n",
       "      <td>6.0</td>\n",
       "      <td>0.0</td>\n",
       "      <td>0.0</td>\n",
       "      <td>0.0</td>\n",
       "      <td>4.0</td>\n",
       "      <td>8.0</td>\n",
       "    </tr>\n",
       "    <tr>\n",
       "      <th>Abhishek</th>\n",
       "      <td>8.0</td>\n",
       "      <td>4</td>\n",
       "      <td>8</td>\n",
       "      <td>10.0</td>\n",
       "      <td>8.0</td>\n",
       "      <td>0.0</td>\n",
       "      <td>9.0</td>\n",
       "      <td>8.0</td>\n",
       "      <td>0.0</td>\n",
       "      <td>0.0</td>\n",
       "    </tr>\n",
       "    <tr>\n",
       "      <th>naman</th>\n",
       "      <td>0.0</td>\n",
       "      <td>5</td>\n",
       "      <td>8</td>\n",
       "      <td>10.0</td>\n",
       "      <td>6.0</td>\n",
       "      <td>0.0</td>\n",
       "      <td>0.0</td>\n",
       "      <td>9.0</td>\n",
       "      <td>0.0</td>\n",
       "      <td>0.0</td>\n",
       "    </tr>\n",
       "    <tr>\n",
       "      <th>Ankit</th>\n",
       "      <td>9.0</td>\n",
       "      <td>3</td>\n",
       "      <td>6</td>\n",
       "      <td>10.0</td>\n",
       "      <td>8.0</td>\n",
       "      <td>0.0</td>\n",
       "      <td>2.0</td>\n",
       "      <td>3.0</td>\n",
       "      <td>0.0</td>\n",
       "      <td>8.0</td>\n",
       "    </tr>\n",
       "    <tr>\n",
       "      <th>Sumit</th>\n",
       "      <td>0.0</td>\n",
       "      <td>7</td>\n",
       "      <td>9</td>\n",
       "      <td>10.0</td>\n",
       "      <td>6.0</td>\n",
       "      <td>0.0</td>\n",
       "      <td>1.0</td>\n",
       "      <td>8.0</td>\n",
       "      <td>4.0</td>\n",
       "      <td>9.0</td>\n",
       "    </tr>\n",
       "    <tr>\n",
       "      <th>ishan</th>\n",
       "      <td>7.0</td>\n",
       "      <td>6</td>\n",
       "      <td>2</td>\n",
       "      <td>10.0</td>\n",
       "      <td>0.0</td>\n",
       "      <td>0.0</td>\n",
       "      <td>1.0</td>\n",
       "      <td>6.0</td>\n",
       "      <td>0.0</td>\n",
       "      <td>0.0</td>\n",
       "    </tr>\n",
       "    <tr>\n",
       "      <th>rishi</th>\n",
       "      <td>7.0</td>\n",
       "      <td>5</td>\n",
       "      <td>6</td>\n",
       "      <td>10.0</td>\n",
       "      <td>0.0</td>\n",
       "      <td>0.0</td>\n",
       "      <td>1.0</td>\n",
       "      <td>7.0</td>\n",
       "      <td>4.0</td>\n",
       "      <td>9.0</td>\n",
       "    </tr>\n",
       "    <tr>\n",
       "      <th>babul</th>\n",
       "      <td>7.0</td>\n",
       "      <td>7</td>\n",
       "      <td>6</td>\n",
       "      <td>10.0</td>\n",
       "      <td>8.0</td>\n",
       "      <td>5.0</td>\n",
       "      <td>0.0</td>\n",
       "      <td>4.0</td>\n",
       "      <td>4.0</td>\n",
       "      <td>9.0</td>\n",
       "    </tr>\n",
       "    <tr>\n",
       "      <th>rakesh</th>\n",
       "      <td>0.0</td>\n",
       "      <td>3</td>\n",
       "      <td>4</td>\n",
       "      <td>10.0</td>\n",
       "      <td>8.0</td>\n",
       "      <td>2.0</td>\n",
       "      <td>1.0</td>\n",
       "      <td>7.0</td>\n",
       "      <td>4.0</td>\n",
       "      <td>7.0</td>\n",
       "    </tr>\n",
       "    <tr>\n",
       "      <th>Shivani</th>\n",
       "      <td>0.0</td>\n",
       "      <td>5</td>\n",
       "      <td>4</td>\n",
       "      <td>10.0</td>\n",
       "      <td>0.0</td>\n",
       "      <td>2.0</td>\n",
       "      <td>6.0</td>\n",
       "      <td>7.0</td>\n",
       "      <td>4.0</td>\n",
       "      <td>9.0</td>\n",
       "    </tr>\n",
       "    <tr>\n",
       "      <th>shristi</th>\n",
       "      <td>8.0</td>\n",
       "      <td>5</td>\n",
       "      <td>4</td>\n",
       "      <td>10.0</td>\n",
       "      <td>8.0</td>\n",
       "      <td>2.0</td>\n",
       "      <td>8.0</td>\n",
       "      <td>7.0</td>\n",
       "      <td>1.0</td>\n",
       "      <td>0.0</td>\n",
       "    </tr>\n",
       "  </tbody>\n",
       "</table>\n",
       "</div>"
      ],
      "text/plain": [
       "            abdul bari  bharat khana  jenny's  vivekanand  striver  errichto  \\\n",
       "student                                                                        \n",
       "bhaskar            9.0             8        6         0.0     10.0       3.0   \n",
       "ramesh             8.0             6        3         0.0      0.0       4.0   \n",
       "farhan             9.0             8        7         4.0      0.0       3.0   \n",
       "manhar             7.0             9        7         0.0      0.0       4.0   \n",
       "nishnat            8.0             8        4         7.0      0.0       3.0   \n",
       "belal              6.0             8        5         0.0      7.0       4.0   \n",
       "kamal              7.0             8        5         8.0      8.0       0.0   \n",
       "pratik             5.0             8        6         0.0      0.0       0.0   \n",
       "shahbaz            7.0             9        8         6.0      4.0       0.0   \n",
       "prince             8.0            10        9         5.0      9.0       0.0   \n",
       "shruti             6.0             8        4         8.0      7.0       5.0   \n",
       "prachi             8.0             7        4         0.0      9.0       0.0   \n",
       "pratyush           7.0             8        5         5.0      7.0       0.0   \n",
       "vishal             9.0             8        6         8.0      5.0       0.0   \n",
       "rahul              5.0             8        7         0.0      8.0       7.0   \n",
       "Shubham            8.0             8        7         4.0      9.0       0.0   \n",
       "rishav             6.0             8        4         8.0      6.0       0.0   \n",
       "sumit              9.0             9        8         4.0      8.0       8.0   \n",
       "bhupendra          8.0             5        8         9.0      6.0       0.0   \n",
       "Abhishek           8.0             4        8        10.0      8.0       0.0   \n",
       "naman              0.0             5        8        10.0      6.0       0.0   \n",
       "Ankit              9.0             3        6        10.0      8.0       0.0   \n",
       "Sumit              0.0             7        9        10.0      6.0       0.0   \n",
       "ishan              7.0             6        2        10.0      0.0       0.0   \n",
       "rishi              7.0             5        6        10.0      0.0       0.0   \n",
       "babul              7.0             7        6        10.0      8.0       5.0   \n",
       "rakesh             0.0             3        4        10.0      8.0       2.0   \n",
       "Shivani            0.0             5        4        10.0      0.0       2.0   \n",
       "shristi            8.0             5        4        10.0      8.0       2.0   \n",
       "\n",
       "            gallen colin  priyansh agrawal  tushar roy  sandeep jain  \n",
       "student                                                               \n",
       "bhaskar              6.0               5.0         1.0           8.0  \n",
       "ramesh               7.0               7.0         1.0           7.0  \n",
       "farhan               8.0               8.0         1.0           9.0  \n",
       "manhar               6.0               5.0         1.0           8.0  \n",
       "nishnat              7.0               9.0         1.0           7.0  \n",
       "belal                0.0               6.0         1.0           8.0  \n",
       "kamal                0.0               9.0         1.0           9.0  \n",
       "pratik               0.0               7.0         6.0           7.0  \n",
       "shahbaz              9.0               5.0         0.0           7.0  \n",
       "prince               0.0               9.0         0.0           7.0  \n",
       "shruti               3.0               4.0         0.0           7.0  \n",
       "prachi               0.0               8.0         0.0           7.0  \n",
       "pratyush             0.0               0.0         4.0           0.0  \n",
       "vishal               5.0               0.0         0.0           0.0  \n",
       "rahul                0.0               4.0         0.0           8.0  \n",
       "Shubham              0.0               9.0         0.0           8.0  \n",
       "rishav               7.0               0.0         0.0           8.0  \n",
       "sumit                0.0               4.0         0.0           6.0  \n",
       "bhupendra            0.0               0.0         4.0           8.0  \n",
       "Abhishek             9.0               8.0         0.0           0.0  \n",
       "naman                0.0               9.0         0.0           0.0  \n",
       "Ankit                2.0               3.0         0.0           8.0  \n",
       "Sumit                1.0               8.0         4.0           9.0  \n",
       "ishan                1.0               6.0         0.0           0.0  \n",
       "rishi                1.0               7.0         4.0           9.0  \n",
       "babul                0.0               4.0         4.0           9.0  \n",
       "rakesh               1.0               7.0         4.0           7.0  \n",
       "Shivani              6.0               7.0         4.0           9.0  \n",
       "shristi              8.0               7.0         1.0           0.0  "
      ]
     },
     "execution_count": 5,
     "metadata": {},
     "output_type": "execute_result"
    }
   ],
   "source": [
    "ratings=pd.DataFrame(pd.read_excel(\"ultimatedata.xlsx\",index_col=0))\n",
    "ratings=ratings.fillna(0);\n",
    "ratings"
   ]
  },
  {
   "cell_type": "code",
   "execution_count": 6,
   "id": "90f02ba2",
   "metadata": {},
   "outputs": [
    {
     "name": "stdout",
     "output_type": "stream",
     "text": [
      "[[ 1.          0.31882608 -0.00908145 -0.30051287  0.09104641  0.08775859\n",
      "   0.21413845 -0.23975336 -0.41941304 -0.06253106]\n",
      " [ 0.31882608  1.          0.22476675 -0.57110629  0.00371991  0.26582431\n",
      "  -0.0282838  -0.06393468 -0.24187883  0.20584461]\n",
      " [-0.00908145  0.22476675  1.         -0.01774744  0.26416911 -0.05524136\n",
      "  -0.13465279  0.05113887 -0.0125322   0.1143071 ]\n",
      " [-0.30051287 -0.57110629 -0.01774744  1.          0.03306819 -0.37793731\n",
      "   0.04429321 -0.04707471  0.14516361 -0.26883195]\n",
      " [ 0.09104641  0.00371991  0.26416911  0.03306819  1.          0.02981702\n",
      "  -0.33636681 -0.13021994 -0.27869576 -0.0753444 ]\n",
      " [ 0.08775859  0.26582431 -0.05524136 -0.37793731  0.02981702  1.\n",
      "   0.01769439 -0.08243238 -0.13353401  0.26018654]\n",
      " [ 0.21413845 -0.0282838  -0.13465279  0.04429321 -0.33636681  0.01769439\n",
      "   1.          0.00720734 -0.27250652 -0.12292671]\n",
      " [-0.23975336 -0.06393468  0.05113887 -0.04707471 -0.13021994 -0.08243238\n",
      "   0.00720734  1.         -0.05979619  0.1290914 ]\n",
      " [-0.41941304 -0.24187883 -0.0125322   0.14516361 -0.27869576 -0.13353401\n",
      "  -0.27250652 -0.05979619  1.          0.24098706]\n",
      " [-0.06253106  0.20584461  0.1143071  -0.26883195 -0.0753444   0.26018654\n",
      "  -0.12292671  0.1290914   0.24098706  1.        ]]\n"
     ]
    }
   ],
   "source": [
    "def standardize(row):\n",
    "    new_row=(row- row.mean())/ (row.max() - row.min());\n",
    "    return new_row\n",
    "ratings_std = ratings.apply(standardize)\n",
    "ratings_std=ratings_std.fillna(0);\n",
    "item_similarity=cosine_similarity(ratings_std.T)\n",
    "print(item_similarity)"
   ]
  },
  {
   "cell_type": "code",
   "execution_count": 9,
   "id": "90a4784c",
   "metadata": {},
   "outputs": [
    {
     "data": {
      "text/html": [
       "<div>\n",
       "<style scoped>\n",
       "    .dataframe tbody tr th:only-of-type {\n",
       "        vertical-align: middle;\n",
       "    }\n",
       "\n",
       "    .dataframe tbody tr th {\n",
       "        vertical-align: top;\n",
       "    }\n",
       "\n",
       "    .dataframe thead th {\n",
       "        text-align: right;\n",
       "    }\n",
       "</style>\n",
       "<table border=\"1\" class=\"dataframe\">\n",
       "  <thead>\n",
       "    <tr style=\"text-align: right;\">\n",
       "      <th></th>\n",
       "      <th>abdul bari</th>\n",
       "      <th>bharat khana</th>\n",
       "      <th>jenny's</th>\n",
       "      <th>vivekanand</th>\n",
       "      <th>striver</th>\n",
       "      <th>errichto</th>\n",
       "      <th>gallen colin</th>\n",
       "      <th>priyansh agrawal</th>\n",
       "      <th>tushar roy</th>\n",
       "      <th>sandeep jain</th>\n",
       "    </tr>\n",
       "  </thead>\n",
       "  <tbody>\n",
       "    <tr>\n",
       "      <th>abdul bari</th>\n",
       "      <td>1.000000</td>\n",
       "      <td>0.318826</td>\n",
       "      <td>-0.009081</td>\n",
       "      <td>-0.300513</td>\n",
       "      <td>0.091046</td>\n",
       "      <td>0.087759</td>\n",
       "      <td>0.214138</td>\n",
       "      <td>-0.239753</td>\n",
       "      <td>-0.419413</td>\n",
       "      <td>-0.062531</td>\n",
       "    </tr>\n",
       "    <tr>\n",
       "      <th>bharat khana</th>\n",
       "      <td>0.318826</td>\n",
       "      <td>1.000000</td>\n",
       "      <td>0.224767</td>\n",
       "      <td>-0.571106</td>\n",
       "      <td>0.003720</td>\n",
       "      <td>0.265824</td>\n",
       "      <td>-0.028284</td>\n",
       "      <td>-0.063935</td>\n",
       "      <td>-0.241879</td>\n",
       "      <td>0.205845</td>\n",
       "    </tr>\n",
       "    <tr>\n",
       "      <th>jenny's</th>\n",
       "      <td>-0.009081</td>\n",
       "      <td>0.224767</td>\n",
       "      <td>1.000000</td>\n",
       "      <td>-0.017747</td>\n",
       "      <td>0.264169</td>\n",
       "      <td>-0.055241</td>\n",
       "      <td>-0.134653</td>\n",
       "      <td>0.051139</td>\n",
       "      <td>-0.012532</td>\n",
       "      <td>0.114307</td>\n",
       "    </tr>\n",
       "    <tr>\n",
       "      <th>vivekanand</th>\n",
       "      <td>-0.300513</td>\n",
       "      <td>-0.571106</td>\n",
       "      <td>-0.017747</td>\n",
       "      <td>1.000000</td>\n",
       "      <td>0.033068</td>\n",
       "      <td>-0.377937</td>\n",
       "      <td>0.044293</td>\n",
       "      <td>-0.047075</td>\n",
       "      <td>0.145164</td>\n",
       "      <td>-0.268832</td>\n",
       "    </tr>\n",
       "    <tr>\n",
       "      <th>striver</th>\n",
       "      <td>0.091046</td>\n",
       "      <td>0.003720</td>\n",
       "      <td>0.264169</td>\n",
       "      <td>0.033068</td>\n",
       "      <td>1.000000</td>\n",
       "      <td>0.029817</td>\n",
       "      <td>-0.336367</td>\n",
       "      <td>-0.130220</td>\n",
       "      <td>-0.278696</td>\n",
       "      <td>-0.075344</td>\n",
       "    </tr>\n",
       "    <tr>\n",
       "      <th>errichto</th>\n",
       "      <td>0.087759</td>\n",
       "      <td>0.265824</td>\n",
       "      <td>-0.055241</td>\n",
       "      <td>-0.377937</td>\n",
       "      <td>0.029817</td>\n",
       "      <td>1.000000</td>\n",
       "      <td>0.017694</td>\n",
       "      <td>-0.082432</td>\n",
       "      <td>-0.133534</td>\n",
       "      <td>0.260187</td>\n",
       "    </tr>\n",
       "    <tr>\n",
       "      <th>gallen colin</th>\n",
       "      <td>0.214138</td>\n",
       "      <td>-0.028284</td>\n",
       "      <td>-0.134653</td>\n",
       "      <td>0.044293</td>\n",
       "      <td>-0.336367</td>\n",
       "      <td>0.017694</td>\n",
       "      <td>1.000000</td>\n",
       "      <td>0.007207</td>\n",
       "      <td>-0.272507</td>\n",
       "      <td>-0.122927</td>\n",
       "    </tr>\n",
       "    <tr>\n",
       "      <th>priyansh agrawal</th>\n",
       "      <td>-0.239753</td>\n",
       "      <td>-0.063935</td>\n",
       "      <td>0.051139</td>\n",
       "      <td>-0.047075</td>\n",
       "      <td>-0.130220</td>\n",
       "      <td>-0.082432</td>\n",
       "      <td>0.007207</td>\n",
       "      <td>1.000000</td>\n",
       "      <td>-0.059796</td>\n",
       "      <td>0.129091</td>\n",
       "    </tr>\n",
       "    <tr>\n",
       "      <th>tushar roy</th>\n",
       "      <td>-0.419413</td>\n",
       "      <td>-0.241879</td>\n",
       "      <td>-0.012532</td>\n",
       "      <td>0.145164</td>\n",
       "      <td>-0.278696</td>\n",
       "      <td>-0.133534</td>\n",
       "      <td>-0.272507</td>\n",
       "      <td>-0.059796</td>\n",
       "      <td>1.000000</td>\n",
       "      <td>0.240987</td>\n",
       "    </tr>\n",
       "    <tr>\n",
       "      <th>sandeep jain</th>\n",
       "      <td>-0.062531</td>\n",
       "      <td>0.205845</td>\n",
       "      <td>0.114307</td>\n",
       "      <td>-0.268832</td>\n",
       "      <td>-0.075344</td>\n",
       "      <td>0.260187</td>\n",
       "      <td>-0.122927</td>\n",
       "      <td>0.129091</td>\n",
       "      <td>0.240987</td>\n",
       "      <td>1.000000</td>\n",
       "    </tr>\n",
       "  </tbody>\n",
       "</table>\n",
       "</div>"
      ],
      "text/plain": [
       "                  abdul bari  bharat khana   jenny's  vivekanand   striver  \\\n",
       "abdul bari          1.000000      0.318826 -0.009081   -0.300513  0.091046   \n",
       "bharat khana        0.318826      1.000000  0.224767   -0.571106  0.003720   \n",
       "jenny's            -0.009081      0.224767  1.000000   -0.017747  0.264169   \n",
       "vivekanand         -0.300513     -0.571106 -0.017747    1.000000  0.033068   \n",
       "striver             0.091046      0.003720  0.264169    0.033068  1.000000   \n",
       "errichto            0.087759      0.265824 -0.055241   -0.377937  0.029817   \n",
       "gallen colin        0.214138     -0.028284 -0.134653    0.044293 -0.336367   \n",
       "priyansh agrawal   -0.239753     -0.063935  0.051139   -0.047075 -0.130220   \n",
       "tushar roy         -0.419413     -0.241879 -0.012532    0.145164 -0.278696   \n",
       "sandeep jain       -0.062531      0.205845  0.114307   -0.268832 -0.075344   \n",
       "\n",
       "                  errichto  gallen colin  priyansh agrawal  tushar roy  \\\n",
       "abdul bari        0.087759      0.214138         -0.239753   -0.419413   \n",
       "bharat khana      0.265824     -0.028284         -0.063935   -0.241879   \n",
       "jenny's          -0.055241     -0.134653          0.051139   -0.012532   \n",
       "vivekanand       -0.377937      0.044293         -0.047075    0.145164   \n",
       "striver           0.029817     -0.336367         -0.130220   -0.278696   \n",
       "errichto          1.000000      0.017694         -0.082432   -0.133534   \n",
       "gallen colin      0.017694      1.000000          0.007207   -0.272507   \n",
       "priyansh agrawal -0.082432      0.007207          1.000000   -0.059796   \n",
       "tushar roy       -0.133534     -0.272507         -0.059796    1.000000   \n",
       "sandeep jain      0.260187     -0.122927          0.129091    0.240987   \n",
       "\n",
       "                  sandeep jain  \n",
       "abdul bari           -0.062531  \n",
       "bharat khana          0.205845  \n",
       "jenny's               0.114307  \n",
       "vivekanand           -0.268832  \n",
       "striver              -0.075344  \n",
       "errichto              0.260187  \n",
       "gallen colin         -0.122927  \n",
       "priyansh agrawal      0.129091  \n",
       "tushar roy            0.240987  \n",
       "sandeep jain          1.000000  "
      ]
     },
     "execution_count": 9,
     "metadata": {},
     "output_type": "execute_result"
    }
   ],
   "source": [
    "item_similarity_df=pd.DataFrame(item_similarity,index=ratings.columns,columns=ratings.columns)\n",
    "item_similarity_df"
   ]
  },
  {
   "cell_type": "code",
   "execution_count": 10,
   "id": "cb26cfb2",
   "metadata": {},
   "outputs": [
    {
     "name": "stdout",
     "output_type": "stream",
     "text": [
      "striver             4.000000\n",
      "jenny's             1.056676\n",
      "abdul bari          0.364186\n",
      "vivekanand          0.132273\n",
      "errichto            0.119268\n",
      "bharat khana        0.014880\n",
      "sandeep jain       -0.301378\n",
      "priyansh agrawal   -0.520880\n",
      "tushar roy         -1.114783\n",
      "gallen colin       -1.345467\n",
      "Name: striver, dtype: float64\n"
     ]
    }
   ],
   "source": [
    "def get_similar_teacher(teacher_name,user_rating):\n",
    "    similar_score=item_similarity_df[teacher_name]*user_rating\n",
    "    similar_score=similar_score.sort_values(ascending=False)\n",
    "    return similar_score\n",
    "print(get_similar_teacher(\"striver\",4))"
   ]
  },
  {
   "cell_type": "code",
   "execution_count": null,
   "id": "4144dab8",
   "metadata": {},
   "outputs": [],
   "source": []
  },
  {
   "cell_type": "code",
   "execution_count": null,
   "id": "508b10a4",
   "metadata": {},
   "outputs": [],
   "source": []
  },
  {
   "cell_type": "code",
   "execution_count": null,
   "id": "aba3ef7d",
   "metadata": {},
   "outputs": [],
   "source": []
  },
  {
   "cell_type": "code",
   "execution_count": null,
   "id": "01d453fc",
   "metadata": {},
   "outputs": [],
   "source": []
  },
  {
   "cell_type": "code",
   "execution_count": null,
   "id": "63e0272f",
   "metadata": {},
   "outputs": [],
   "source": []
  },
  {
   "cell_type": "code",
   "execution_count": null,
   "id": "75cef021",
   "metadata": {},
   "outputs": [],
   "source": []
  },
  {
   "cell_type": "code",
   "execution_count": null,
   "id": "28e161b1",
   "metadata": {},
   "outputs": [],
   "source": []
  }
 ],
 "metadata": {
  "kernelspec": {
   "display_name": "Python 3 (ipykernel)",
   "language": "python",
   "name": "python3"
  },
  "language_info": {
   "codemirror_mode": {
    "name": "ipython",
    "version": 3
   },
   "file_extension": ".py",
   "mimetype": "text/x-python",
   "name": "python",
   "nbconvert_exporter": "python",
   "pygments_lexer": "ipython3",
   "version": "3.9.7"
  }
 },
 "nbformat": 4,
 "nbformat_minor": 5
}
